3	3	3

cn_weight:
1.008148	0.993373	0.932401	0.997378	1.041695	1.098086	1.000628	0.926188	0.948264	0.981844	0.943943	1.026272	0.945472	0.985392	0.997482	0.990993	0.944251	1.002689	1.039178	1.005100	1.003832	1.078555	0.979650	1.054844	0.974741	0.910836	0.929390	1.024439	1.193808	1.061717	0.994183	1.076858	1.198858	1.004914	1.021748	1.120371	1.023320	1.103430	0.959455	1.035694	1.200179	1.284563	1.318616	1.456615	1.537443	1.605084	1.583324	1.553939	0.216094	1.034835

ucn_weight:
1.000000	1.000000	1.000000	1.000000	1.000000	1.000000	1.000000	1.000000	1.000000	1.000000	1.000000	1.000000	1.000000	1.000000	1.000000	1.000000	1.000000	1.000000	1.000000	1.000000	1.000000	1.000000	1.000000	1.000000	1.000000	1.000000	1.000000	1.000000	1.000000	1.000000	1.000000	1.000000	1.000000	1.000000	1.000000	1.000000	1.000000	1.000000	1.000000	1.000000	1.000000	1.000000	1.000000	1.000000	1.000000	1.000000	1.000000	1.000000	1.000000	1.000000

ch_weight:
1.011364	0.979326	0.953975	1.090956	1.052571	1.016970	0.854079	1.021974	1.037159	0.998868	1.000653	1.113663	0.922989	1.071696	1.016033	1.003120	0.942743	0.998522	1.038574	0.903092	1.031116	1.027327	0.984695	1.004164	0.841609	0.914255	0.909147	1.086422	0.993912	0.814617	0.965517	1.074488	1.005416	0.880920	1.031587	1.077094	0.997119	1.124856	0.961501	1.053121	1.141962	1.107058	1.234827	1.359162	1.501863	1.674463	1.806831	1.639430	1.114034	0.548563

